100
57512
65170
60070
22166
19766
88534
42754
35637
54651
8220
36787
45557
80538
93556
84743
54009
86242
41067
73383
20249
39896
2752
71366
33844
22357
2075
57370
71800
85898
52437
33176
33331
10765
59292
91364
88897
56427
4361
38611
74500
64223
86162
29515
38866
34247
84329
8196
76110
22212
80209
21463
91166
64612
26885
20983
38817
56792
94786
49451
62907
95123
63432
45069
49899
81459
51652
56386
40497
34771
15700
86105
33390
45344
78675
53831
22963
90746
86068
25663
27400
19167
76948
80985
78581
36232
96410
50314
29610
61282
77145
66036
65758
59071
96690
80229
64405
52427
41244
3413
91313
